# Format: x y (one tile per line)

0 0
 
1 0

2 0
2 4
2 5
2 6
2 7
2 8

3 0
3 6
3 8

4 4
4 5
4 7

6 4
6 5
6 6
6 7
6 8

7 4

8 4
8 5
8 6
8 7
8 8

4 0
5 0 
6 0
7 0
8 0
9 0

10 0
10 4
10 5
10 6
10 7
10 8

11 0
11 1
11 7

12 0
12 1
12 2
12 6

13 0
13 1
13 4
13 5
13 6
13 7
13 8

14 0

15 0
15 2

16 0
16 2 

17 0
17 2

18 0
18 2

19 0

20 0
20 1
20 2

21 0

22 0

23 0
23 1


24 0

25 3
25 2

# Tricky jump section
29 3
30 3
31 3
32 4
33 4
34 4
34 3
34 2

# Upper maze (dead end)
35 4
36 4
37 4
37 5
38 5
39 5
39 4
39 3

# Lower path continuation
35 2
36 2
37 2
38 2
39 2

# Vertical climb
40 2
40 3
40 4
40 5
40 6
41 6
42 6

# Descent to victory
43 5
44 4
45 3
46 2
47 2
48 2
49 2
50 2
d
28 2
28 3
35 3
36 3
38 3
41 3
42 3
43 3
45 4
47 3
48 3

# Dead end paths
30 5
31 5
32 5
35 5
36 5
41 4
42 4
44 5
45 5 